Mzda
12951
16263
16148
14432
10523
11746
13014
13591
18412
15130
12005
11308
13024
13005
12780
14107
11819
14474
11128
13154
14358
13870
15211
13489
14610
15775
12221
11034
13696
13132
12517
12736
12304
15057
15907
15587
12744
16080
13044
17119
14724
12697
11939
11270
11472
10475
15916
15267
13148
14135
12850
18486
12012
13493
14103
14839
13258
9155
11076
14320
13581
11722
13371
11973
14088
10753
14335
14100
13734
13641
14118
12305
13365
14931
15805
13891
13367
11779
10728
12009
16111
15147
13164
12753
12765
15597
13051
16115
14896
16202
11856
13620
11841
14796
13842
13039
16515
14061
15596
15167
12049
12371
13696
11342
14756
11042
16854
12602
16960
12778
11658
13654
13658
10243
15711
11364
14274
14593
13879
13365
13998
11466
11997
11375
16763
21468
17145
11911
16213
21517
14561
19019
12817
18639
12881
11915
12877
13182
13039
18820
16466
15093
12423
12670
13539
12307
14657
17877
12094
21372
11636
15888
24520
19343
15343
13196
18265
16182
14914
17339
14515
25531
22107
18955
18722
14326
19326
15006
12698
22817
12975
15196
14074
12911
18322
10893
15504
14216
11360
15980
14718
14153
19660
18089
15909
16774
13645
15521
20084
16167
16792
23313
13763
19589
22493
12501
16288
14861
14508
12566
13089
20669
18304
18941
21677
14947
19084
16014
14471
19467
16355
12494
15391
21459
20329
11124
16559
19193
10541
21156
14330
17201
15547
21743
11062
15720
12890
17649
24028
10925
16010
15711
21622
12790
17964
22165
15313
13755
15662
17981
12679
21878
16246
6059
12351
21642
12807
15871
16375
10637
17944
17702
22785
19847
16512
15937
18347
13120
16595
17461
18152
12256
21344
18683
25001
9611
14162
10225
14753
17311
22185
14674
12031
15150
18400
16863
20840
15180
10457
19556
12330
18385
18023
17519
22260
15504
11626
16448
15414
18449
21947
9897
15477
16472
18150
13787
17593
17561
16183
15790
21360
18585
23073
15284
11870
14841
16567
15392
14785
10706
13436
12389
17305
17433
21615
15073
19545
14549
10924
17747
14408
13305
13578
20039
21730
19752
15270
11642
17005
20123
19157
17327
17004
13273
17779
16421
16464
15519
12173
14151
18907
16362
16277
15574
21128
16291
17098
16748
12855
15993
20730
17829
11144
16497
18186
15964
18965
15622
12546
18779
17145
18129
19870
16917
10522
16650
10495
14367
19564
10204
16598
14096
15172
19643
17822
20756
12260
13183
13584
15772
12720
13356
12815
18341
18147
19434
25541
15595
18624
27658
18188
15984
12822
14313
10316
10723
14809
17344
16367
14861
9859
18533
17835
21884
9729
15222
22352
16633
21071
18236
16704
19426
9923
15036
18348
20920
18912
16904
20218
16275
12357
16138
15653
17521
14893
18511
23441
9938
18270
13696
14024
9869
15318
17397
11231
23011
13568
8250
15827
24457
21813
20697
18987
17841
14693
10949
8446
12101
9986
12768
18776
13130
10841
12571
10213
19039
10970
15717
18254
20431
22855
10065
19462
14278
15594
21292
14101
18604
15899
14511
21163
15440
15482
18663
19429
12994
20240
14000
13123
8060
15717
17335
13750
20574
18397
16576
22553
10967
17226
19186
12742
15327
16031
14668
16470
15685
13317
18891
14208
14034
17911
22159
10062
16919
17617
16328
25187
20626
14355
14038
19424
19751
18744
14110
18113
15957
22701
13234
16340
12638
12788
16240
15409
14480
21650
16532
20841
12792
15366
11312
21269
12791
21386
12757
15895
6163
15362
16278
9509
15219
15013
9787
19371
11981
15460
18201
14387
18831
16677
21435
13907
12164
17482
15544
15193
17964
17923
16292
18448
18867
19144
19606
20755
15748
14686
11931
15394
17245
23266
20521
18907
17018
21689
18728
15750
15070
26371
18368
17986
20103
18827
19418
20009
18702
16493
24632
20926
14918
25043
13586
19610
20121
17193
22710
14641
28252
23069
29065
24314
13820
24330
23435
26034
26253
23478
24258
18803
28544
13478
12953
15603
25509
16431
19687
21788
19238
12034
26670
21070
23802
21438
19029
28232
25085
14636
16208
27272
17340
21486
14989
24511
24089
20199
28409
19117
20102
26372
23479
25249
28013
22513
24338
18530
23506
20024
27158
21201
21551
21399
12260
16948
30253
24595
21594
20702
20685
23390
24929
17000
20778
15762
19485
23705
14904
26003
26719
21369
22624
27455
18789
17199
16231
17027
18214
23089
17170
20181
22111
15617
27801
27372
13293
19237
19736
22176
16137
19723
24940
25876
22447
22931
18503
19421
26643
21708
18344
28770
18784
26500
24031
23122
20017
25404
14027
16967
20317
22118
21875
20122
20096
23528
18434
11559
21433
25299
25827
20103
21141
28219
18519
20826
23599
18512
19328
23968
18160
23467
16025
12334
24204
20818
19458
19068
25881
16531
25735
16740
20795
20449
23997
13421
20262
20792
23925
26466
16996
22887
23431
26742
21017
26577
21806
20088
23721
22690
23146
25937
20129
20347
20499
26242
30192
25756
26088
29375
18843
14799
16419
22560
21521
9194
26749
20427
21160
23245
15523
18235
26068
30293
24509
24738
13728
26152
26470
19820
22263
25573
31103
16422
26048
27613
25532
22737
20733
22158
25324
16564
15915
18214
15007
13903
27622
17277
19145
16309
23723
23791
26763
19336
27000
22032
15567
26597
28226
25025
19478
15364
21584
15360
13252
24584
20070
19620
18521
27336
14283
19415
23963
22722
18646
21136
20549
28990
21877
18469
26755
15690
23837
26954
16170
22874
25694
26444
28273
30047
22316
17603
18010
24543
14337
23667
16218
17252
22954
18762
17688
18429
27789
15244
21905
19315
34743
20705
29603
25302
14367
23735
24548
21530
12632
31520
20571
15110
27033
20304
22521
17911
13357
20662
24795
21339
21540
22415
23209
20239
20051
18114
15197
14928
17877
18074
19656
15945
17409
28158
23089
22590
21305
17286
18752
19746
21811
21259
29544
19884
18045
14039
16814
33096
22780
25505
22351
22217
20670
23922
27915
25472
20416
21893
14894
26539
29578
14616
21334
17455
16027
26225
26666
30550
23666
13213
23617
18293
20520
22504
21732
24989
18466
18367
22243
25365
19650
18405
16870
18037
20140
16169
24526
12161
20722
14913
26888
19115
26494
19527
20458
16823
7545
28823
15065
32959
22881
18871
24561
25379
20391
22029
29711
15091
21195
24989
15052
13361
27510
18051
29880
34886
32295
32273
27968
30527
39305
37564
31878
47145
42472
31372
34578
18885
39852
37864
32578
34097
35499
40155
30217
40399
38845
31551
33633
44273
34283
28118
27701
34719
36263
36319
33745
25190
32818
39699
23467
38137
27701
33972
28050
39170
32103
37177
31066
29151
27519
29287
33293
41994
37915
31875
36266
30063
31991
35856
48487
36214
35568
23554
40946
41309
26951
35054
30881
35661
32562
40194
36156
35495
37006
25979
29194
41900
36020
37103
28039
45928
32369
37501
33759
39684
30512
39986
40082
31113
26777
37072
23327
38719
38843
39010
33357
44186
34326
30209
33121
28749
28676
36089
35300
30526
33974
34291
33536
43913
32102
38514
33367
29759
30371
35852
32208
35858
36770
38744
29943
41884
25491
25448
40746
41273
29279
37550
28407
43030
35377
34337
33348
28831
39284
35056
37526
30997
32915
36250
26296
30303
31923
37881
30301
29594
37125
31236
40101
26573
33147
31023
32443
38641
38577
31223
25681
31214
41737
34966
30657
35111
39181